[msec]
msec = 1
sec = 1000
min =60000
hour = 3600000

[sec]
msec = 0.001
sec = 1
min =60
hour = 3600

[min]
msec =1.6666666666666667e-05
sec = 0.016666666666666666
min = 1
hour = 60

[hour]
msec = 2.7777777777777776e-07
sec = 0.0002777777777777778
min = 0.016666666666666666
hour = 1